13298650417
13298649106
13298648188
13298645964
13298645785
13298642387
13298642054
13298641903
13298630862
13298630696
13290693723
13290693359
13290692443
13290692280
13290692132
13290691945
13290691603
13290691407
13290691255
13290690930
13290690779
13290690545
13290689985
13290689831
13290689594
13290689432
13290689258
13290689056
13290688740
13290687901
13290687721
13290687550
13290687394
13290687244
13290687063
13290686699
13290686350
13290686038
13290685683
13290685521
13290685340
13290684997
13290684764
13290684595
13290684261
13290684099
13290683771
13290682724
13290681358
13290681195
13290680861
13290676942
13285687001
13285668565
13285667581
13285665693
13285663925
13285663068
13285661078
13280466288
13280466060
13280464962
13274934044
13274933393
13274932745
13274932062
13274929132
13274928298
13274928110
13274927678
13274927479
13274925395
13274924334
13274917406
13274916539
13274916328
13270179322
13270179143
13270178957
13270178697
13270178482
13270171792
13270164012
13270163629
13270162681
13270159631
13270158593
13270158373
13270158125
13270157921
13270157377
13270157140
13270156943
13270156681
13270156244
13265140728
13265140541
13265139757
13265139573
13265138923
13261048022
13256831501
13256830058
13256828591
13256826058
13252093380
13252088686
13252087577
13252087205
13252086439
13252086258
13252086090
13252085340
13252084977
13252084602
13252078931
13252077368
13252077016
13252075812
13252071960
13247128308
13247126588
13247119466
13247118575
13247116571
13247116353
13247116135
13247115727
13247115089
13247114495
13247114168
13247110580
13247109155
13247107089
13247078255
13247065941
13247064255
13247064022
13247061264
13241635258
13241634838
13241632783
13241629222
13241628178
13241627738
13241627509
13241627290
13241626786
13241623918
13241623708
13241621665
13241621366
13241619280
13241617811
13241617579
13241611441
13241611160
13241608422
13241607116
13241602616
13236043223
13236042770
13236038385
13236037386
13236029902
13236028913
13236028006
13236027801
13236026250
13236026040
13236025845
13236025433
13236023760
13236021583
13236021382
13236018782
13236016892
13236015898
13231085024
13231083964
13227182311
13227181752
13223036158
13223033535
13223033369
13223029187
13223026906
13223025684
13223025521
13223025352
13223025156
13223024629
13223024456
13223024297
13223024103
13223021324
13223021168
13223020663
13223020153
13223019978
13223019172
13223017759
13223017586
13223017259
13223017070
13223016860
13223016591
13223016091
13223015362
13223015199
13223014611
13223013522
13223012294
13217761698
13217761325
13217761136
13217760945
13217760766
13217760573
13217760360
13217760118
13217759933
13217759718
13217758918
13217756858
13217752438
13217749795
13217749584
13217748404
13217739466
13217730121
13217727138
13212406933
13212406275
13212405375
13212405159
13212404067
13212403827
13212403628
13212403424
13212403202
13212402151
13212392087
13212391521
13207125391
13207122193
13207120921
13207120520
13207119914
13207119662
13207119409
13207118660
13207118404
13207117482
13207117269
13207117054
13207111418
13201744314
13201743665
13201743238
13201733141
13196532513
13196531496
13192330197
13192329850
13187541639
13187541414
13187540321
13187539754
13187539082
13187536055
13187533685
13187530105
13187527980
13187521862
13187520750
13187519750
13187518878
13187516694
13187509247
13187506518
13187506071
13187502944
13187494282
13187492816
13181933394
13181928938
13176723593
13176723332
13176723069
13176722856
13176722171
13176710548
13176706804
13176706360
13171550612
13171526094
13171523489
13166561116
13166560915
13166560723
13166560525
13166557579
13166548910
13166546987
13166546407
13166546196
13166546020
13166545843
13166545658
13166545505
13166545321
13166545138
13166544947
13166537517
13166537320
13166537121
13166536534
13166536158
13166535568
13166534968
13166534767
13166533510
13161485206
13161481502
13161481264
13161478508
13156893318
13156892939
13156892722
13156892509
13156890648
13156885631
13153011999
13153003232
13153002413
13132127248
13132126830
13132125438
13132125257
13132125059
13132124621
13132121393
13008076661
